4294967279,264
4294967279,295
4294967278,384
4294967278,398
4294967279,434
4294967279,397
4294967279,396
4294967278,294
4294967294,429
4294967294,481
4294967278,222
4294967279,399
4294967278,293
4294967279,395
4294967278,220
4294967278,292
4294967279,390
4294967279,249
4294967294,437
4294967294,392
4294967294,388
4294967294,114
4294967294,120
4294967279,470
4294967278,430
4294967278,247
4294967279,246
4294967279,244
4294967278,241
4294967279,253
4294967279,174
4294967294,417
4294967278,290
4294967278,197
4294967279,251
4294967279,191
4294967278,380
4294967279,184
4294967279,484
4294967279,467
4294967278,167
4294967294,185
4294967279,465
4294967278,159
4294967278,158
4294967278,157
4294967278,376
4294967278,155
4294967278,154
4294967279,154
4294967294,386
4294967278,288
4294967294,1426
4294967294,39
4294967294,1427
4294967294,36
4294967294,37
4294967278,132
4294967278,131
4294967278,130
4294967278,129
4294967278,128
4294967278,127
4294967278,126
4294967278,125
4294967278,124
4294967278,123
4294967278,122
4294967278,121
4294967278,120
4294967278,119
4294967278,118
4294967278,117
4294967278,116
4294967278,115
4294967278,114
4294967278,113
4294967278,112
4294967278,111
4294967278,110
4294967278,109
4294967278,108
4294967278,107
4294967278,106
4294967278,105
4294967278,104
4294967278,103
4294967278,102
4294967278,101
4294967278,100
4294967278,99
4294967278,98
4294967278,97
4294967278,96
4294967278,95
4294967278,94
4294967278,93
4294967278,92
4294967278,91
4294967278,90
4294967278,89
4294967278,87
4294967278,86
4294967278,85
4294967278,84
4294967278,83
4294967278,82
4294967278,81
4294967278,80
4294967278,79
4294967278,78
4294967278,77
4294967278,76
4294967278,75
4294967278,74
4294967278,73
4294967278,72
4294967278,71
4294967278,70
4294967278,69
4294967278,68
4294967278,67
4294967278,66
4294967278,65
4294967278,64
4294967278,63
4294967278,62
4294967278,61
4294967278,60
4294967278,346
4294967279,82
4294967279,80
4294967279,78
4294967279,77
4294967279,75
4294967279,72
4294967279,70
4294967279,69
4294967279,66
4294967279,65
4294967279,64
4294967279,63
4294967279,62
4294967279,61
4294967279,60
4294967279,59
4294967279,58
4294967279,57
4294967279,56
4294967279,55
4294967279,54
4294967279,53
4294967279,52
4294967279,51
4294967279,50
4294967279,49
4294967279,48
4294967279,47
4294967279,46
4294967279,45
4294967279,44
4294967279,43
4294967279,42
4294967279,41
4294967279,40
4294967279,39
4294967279,38
4294967279,37
4294967279,36
4294967279,35
4294967279,34
4294967279,33
4294967279,32
4294967279,31
4294967279,30
4294967279,26
4294967279,24
4294967279,22
4294967279,21
4294967279,20
4294967279,19
4294967279,14
4294967279,12
4294967279,11
4294967279,10
4294967279,247
4294967279,18
4294967279,245
4294967294,113
4294967279,265
4294967279,243
4294967278,287
4294967294,484
4294967278,284
4294967279,241
4294967278,381
4294967278,223
4294967278,219
4294967279,443
4294967278,280
4294967294,182
4294967294,161
4294967294,163
4294967294,1465
4294967279,211
4294967278,367
4294967279,236
4294967278,201
4294967279,201
4294967294,1464
4294967278,199
473,6
473,5
4294967279,196
473,4
473,3
473,2
473,1
4294967279,458
4294967278,285
4294967279,494
4294967278,360
4294967279,234
471,6
471,5
471,4
471,3
471,2
471,1
4294967278,137
4294967279,495
4294967279,29
4294967279,28
4294967279,27
4294967279,25
4294967279,23
4294967279,17
4294967279,16
4294967279,15
4294967279,13
4294967279,500
4294967279,232
4294967294,413
4294967279,151
4294967294,1463
466,5
466,4
466,3
466,2
466,1
4294967278,447
4294967279,139
4294967279,230
4294967279,228
4294967278,266
4294967278,286
4294967294,399
4294967278,364
4294967279,411
4294967294,1082
4294967278,431
4294967279,224
464,5
464,4
4294967278,370
464,3
464,2
464,1
4294967278,229
463,10
463,9
463,8
463,7
463,6
463,5
463,4
4294967278,231
463,3
463,2
463,1
4294967279,231
4294967279,229
4294967279,222
4294967279,221
4294967278,214
4294967278,368
4294967279,212
4294967278,445
4294967278,204
4294967278,203
4294967278,366
4294967278,174
4294967279,9
4294967279,8
4294967279,7
4294967279,6
4294967279,5
4294967279,4
4294967279,459
4294967278,2
4294967278,88
4294967294,1
4294967294,153
4294967294,588
4294967294,405
4294967278,442
4294967279,220
4294967278,441
461,9
461,8
461,7
461,6
461,5
461,4
461,2
461,1
4294967279,475
4294967279,480
4294967279,457
4294967294,448
4294967294,461
4294967279,410
4294967279,452
459,4
459,3
459,2
459,1
4294967278,315
4294967279,218
4294967278,150
4294967278,440
4294967278,147
4294967279,147
4294967278,144
4294967279,144
4294967279,143
4294967278,142
4294967279,142
4294967294,469
4294967278,438
4294967294,38
4294967279,216
4294967278,277
4294967278,136
4294967294,1075
4294967294,173
4294967279,394
4294967279,318
4294967279,472
4294967294,454
4294967278,365
4294967278,399
4294967294,40
4294967278,373
4294967294,414
4294967294,180
4294967279,445
455,5
4294967279,386
4294967279,317
4294967279,449
4294967294,1462
4294967279,250
455,4
455,3
455,2
455,1
4294967294,479
4294967279,466
4294967294,89
4294967278,331
4294967294,1461
4294967278,345
4294967279,214
4294967294,50
4294967294,167
4294967294,404
4294967294,110
4294967278,283
4294967279,138
4294967294,1163
4294967294,1460
4294967278,354
4294967279,207
4294967278,205
4294967279,206
4294967278,362
452,4
452,3
452,2
452,1
4294967278,193
450,4
450,3
450,2
450,1
449,4
449,3
449,2
449,1
4294967278,433
4294967278,180
448,3
448,2
448,1
4294967294,169
4294967294,119
4294967294,393
4294967294,425
4294967294,389
4294967294,387
4294967279,504
4294967294,18
4294967294,68
4294967294,11
4294967279,159
4294967279,161
4294967279,160
4294967279,155
4294967278,281
4294967278,0
4294967279,0
4294967279,137
4294967294,397
4294967294,1420
444,4
444,3
444,2
444,1
4294967279,266
4294967294,1081
4294967294,1159
4294967294,107
4294967294,96
4294967294,94
4294967279,256
443,3
443,2
443,1
4294967294,1084
4294967294,5
4294967294,81
4294967279,248
4294967278,245
4294967294,53
4294967279,289
4294967279,233
442,6
442,5
442,4
442,2
442,1
4294967294,187
4294967294,157
4294967294,29
4294967294,128
4294967294,28
4294967294,1079
4294967294,27
4294967278,225
4294967279,225
4294967279,223
4294967278,221
4294967278,406
4294967278,213
4294967279,215
4294967278,212
4294967279,208
4294967294,92
4294967294,91
4294967294,90
4294967294,88
4294967294,87
4294967294,86
4294967294,85
4294967294,84
4294967278,446
4294967279,204
4294967294,0
438,5
4294967279,195
438,4
438,3
438,2
438,1
4294967294,1076
4294967294,170
4294967294,1421
4294967294,46
4294967294,45
4294967294,44
4294967294,2
4294967278,405
0,5
436,3
436,2
436,1
4294967294,8
0,7
4294967279,178
4294967294,9
4294967294,1424
4294967278,429
4294967294,7
4294967294,6
4294967294,22
4294967294,93
4294967294,95
4294967294,17
4294967294,42
4294967294,67
4294967294,99
4294967294,76
4294967294,41
434,3
434,2
434,1
4294967294,1425
4294967294,43
4294967294,52
4294967294,51
4294967294,154
4294967294,26
4294967294,25
4294967294,1166
4294967294,82
4294967294,159
4294967294,83
4294967279,483
4294967293,131
4294967293,130
4294967293,129
